1000个点，XYZ格式
28.784 36.831 9.159
43.953 27.458 10.921
16.392 31.008 9.81
3.745 31.238 10.22
36.989 20.878 10.454
-0.363 50.133 24.826
13.419 17.032 10.846
27.651 20.401 10.827
48.058 11.081 10.264
20.454 39.477 10.657
5.146 32.657 9.491
18.233 18.064 9.604
30.733 12.458 10.823
35.314 14.886 9.539
41.935 40.709 10.702
22.752 38.12 10.096
9.553 2.089 9.205
49.446 36.026 9.93
7.829 26.962 9.454
25.009 13.434 10.134
-2.916 40.767 1.981
33.687 43.775 10.242
1.282 4.723 9.189
40.84 22.525 9.719
19.874 2.968 9.696
46.206 15.838 9.315
11.765 48.898 9.837
-8.004 14.109 27.016
23.537 1.382 10.248
38.777 32.816 9.144
14.714 25.453 10.511
2.034 10.616 9.904
31.689 4.272 10.383
47.712 49.002 10.729
10.88 40.207 9.078
26.176 28.713 10.57
-5.27 26.304 14.657
44.845 5.94 10.693
0.413 21.499 10.306
39.951 17.557 9.756
17.318 47.008 9.466
6.799 7.517 9.556
32.469 35.269 9.964
4.866 45.566 10.103
29.005 9.177 10.803
42.622 1.727 9.272
15.215 11.971 9.051
-6.747 55.211 5.792
21.869 23.668 10.795
37.921 41.505 10.125
0.098 37.631 10.421
45.547 29.745 9.893
8.344 14.398 10.682
34.108 6.854 9.336
24.331 44.289 9.036
12.515 30.199 10.212
54.959 50.682 18.608
40.139 48.066 10.989
1.757 19.001 9.653
27.154 2.585 10.561
43.241 25.177 9.131
18.88 16.226 10.342
36.219 38.631 9.476
7.093 34.289 10.776
-3.839 8.302 2.366
31.078 46.932 9.012
49.012 4.859 9.731
16.076 8.723 10.948
2.504 42.54 10.171
39.321 27.91 10.487
11.293 1.255 9.599
28.35 19.612 9.248
45.917 33.993 10.875
-9.131 3.71 20.077
20.994 47.614 9.854
6.346 10.039 10.533
34.821 31.345 9.083
47.264 13.504 10.278
14.085 21.79 9.636
1.017 3.17 26.19
0.737 4.065 9.972
42.163 45.012 10.394
22.117 12.676 9.192
37.603 7.881 10.713
9.099 29.313 9.52
25.747 41.058 10.056
48.684 20.262 9.385
-4.558 47.15 6.385
30.219 5.509 10.865
17.915 36.561 9.707
4.349 17.18 10.159
40.509 49.719 10.631
12.992 43.45 9.28
29.538 24.536 10.41
46.663 9.931 9.067
21.402 0.526 10.909
53.343 27.257 13.211
7.484 15.142 9.821
33.014 30.614 10.59
0.918 28.04 9.342
44.258 3.415 10.021
19.501 22.71 9.77
38.353 46.251 9.165
10.428 8.076 10.475
26.763 18.864 9.23
59.029 1.104 29.309
45.141 37.306 10.757
3.102 13.133 9.574
32.018 40.049 10.085
41.384 2.864 9.362
15.703 26.503 10.978
24.017 49.38 9.113
8.678 5.312 10.295
35.751 11.673 9.447
49.836 42.819 10.603
-1.728 23.585 2.953
1.449 35.055 9.789
27.985 44.969 10.35
43.609 21.126 9.099
18.418 9.615 10.814
36.653 34.08 9.405
6.013 30.811 10.737
30.563 49.609 9.045
53.135 8.788 24.183
48.411 7.374 9.76
15.001 4.317 10.915
2.818 40.795 10.138
39.713 23.459 10.463
11.931 46.426 9.562
28.072 15.924 9.274
46.315 30.348 10.897
20.031 42.065 9.886
-7.399 29.326 18.435
5.561 18.461 10.508
35.229 27.773 9.093
47.957 17.96 10.251
13.107 25.977 9.676
0.441 7.747 10.004
41.716 41.346 10.359
23.214 16.866 9.158
38.075 4.652 10.749
-5.916 53.808 4.109
9.841 25.032 9.558
26.512 37.398 10.021
49.156 12.413 9.421
31.365 1.962 10.899
16.837 32.902 9.749
3.607 13.698 10.196
40.93 45.934 10.671
34.872 51.031 21.997
12.214 39.101 9.319
30.003 20.953 10.447
47.049 6.309 9.029
22.51 48.531 10.946
7.055 11.471 9.788
33.51 26.998 10.549
50.723 33.364 15.897
0.154 24.431 9.301
45.771 40.604 10.067
18.036 2.013 9.724
39.028 42.629 9.203
11.003 7.042 10.517
27.522 14.737 9.268
44.617 33.672 10.797
25.375 2.867 28.13
20.611 35.57 9.815
5.109 22.967 10.471
36.006 24.165 9.055
48.324 10.299 10.318
12.733 29.782 9.637
-2.488 17.568 6.979
1.674 49.214 9.934
42.948 41.991 10.325
21.07 8.998 9.127
37.226 4.137 10.785
9.465 33.047 9.591
26.089 37.958 10.096
49.504 23.911 9.352
32.208 9.138 10.831
-7.832 44.396 23.052
17.604 39.939 9.67
4.009 19.972 10.232
41.171 48.407 10.712
13.851 47.581 9.244
30.861 28.19 10.487
46.045 14.418 9.003
22.997 5.741 10.983
7.916 7.61 27.489
6.531 4.363 9.75
34.382 23.374 10.514
0.512 44.778 9.383
45.314 36.941 10.035
19.155 18.383 9.688
38.702 39.053 9.131
10.039 3.356 10.436
27.011 11.129 9.201
56.566 19.339 13.939
43.841 30.046 10.831
2.256 27.352 9.522
31.553 43.392 10.122
40.435 8.691 9.397
15.386 22.017 10.941
24.78 45.704 9.077
8.217 0.949 10.258
35.068 15.337 9.489
49.121 38.174 10.649
-0.977 5.873 22.151
1.099 31.53 9.754
28.629 40.891 10.39
43.073 17.443 9.069
18.082 5.091 10.856
37.042 30.434 9.447
5.687 27.124 10.779
30.128 45.821 -4.524
47.613 3.136 9.798
14.404 49.928 10.878
3.887 36.67 10.174
39.001 19.727 10.507
12.686 42.758 9.524
29.212 11.593 9.235
46.793 26.727 10.859
21.789 38.458 9.846
51.879 53.008 29.812
6.173 14.817 10.469
35.616 24.107 9.058
48.763 14.29 10.301
13.76 22.299 9.602
0.031 40.124 9.961
42.477 37.689 10.287
23.698 13.243 9.09
38.439 0.461 10.713
9.213 21.361 9.521
-3.272 2.308 3.49
25.278 33.772 10.061
49.869 8.742 9.387
30.908 49.234 10.804
16.421 28.598 9.698
4.712 9.032 10.155
41.578 42.27 10.602
11.417 35.401 9.271
28.943 20.842 10.464
57.783 43.18 19.078
45.051 2.173 8.969
20.254 4.986 10.911
7.358 46.751 9.741
33.904 20.015 10.589
0.273 41.023 9.264
44.074 30.141 10.096
18.681 14.565 9.692
39.512 35.982 9.174
-8.473 5.032 16.571
10.757 2.68 10.402
27.886 7.462 9.242
43.414 26.461 10.768
24.439 40.49 9.007
15.982 18.737 10.902
3.21 43.007 10.201
40.064 11.997 9.324
12.105 31.812 10.154
-4.083 34.216 25.333
29.831 48.026 10.386
47.439 25.464 8.995
22.198 1.308 10.822
6.672 10.564 9.699
36.449 27.43 9.414
48.005 45.106 10.221
14.883 29.965 9.567
1.374 47.723 9.913
41.257 5.521 19.871
42.017 34.002 10.364
20.704 17.01 9.056
37.739 8.377 10.677
8.766 37.21 9.558
25.691 45.347 10.139
49.215 28.064 9.313
31.878 13.765 10.765
17.231 32.307 9.622
53.214 15.736 4.732
5.098 10.071 10.095
40.351 41.605 10.559
11.084 39.703 9.203
28.314 25.251 10.421
46.418 6.652 8.934
20.958 5.481 10.871
8.076 49.328 9.698
32.729 16.392 10.518
-6.112 30.847 28.988
44.432 22.831 10.023
0.711 38.492 9.189
39.647 32.023 10.652
16.014 10.916 9.653
3.534 7.823 10.121
30.456 41.92 9.356
47.001 21.204 10.721
13.318 45.664 9.587
57.938 2.899 7.251
25.026 0.893 10.308
42.783 18.574 9.017
18.831 13.002 10.778
6.308 35.013 9.628
35.872 30.977 9.382
48.854 49.033 10.189
10.284 26.368 9.512
27.403 41.627 10.098
-2.637 48.95 15.007
43.147 4.538 9.278
0.339 14.849 10.843
33.371 22.062 9.46
24.199 38.244 10.609
7.654 4.198 9.041
40.755 15.055 10.361
15.643 9.433 9.735
32.096 34.658 9.104
45.505 29.309 24.706
49.693 25.853 10.531
21.539 48.918 9.233
4.529 4.612 10.807
38.211 18.28 9.566
11.81 10.701 9.008
29.603 30.954 10.273
46.114 44.242 10.969
19.38 3.853 9.345
50.75 11.532 26.882
5.908 21.676 10.71
34.059 40.45 9.141
47.136 8.016 10.473
13.019 16.539 9.497
1.501 29.11 9.881
41.631 37.352 10.209
22.864 20.681 9.015
36.805 5.99 10.634
-7.043 35.182 5.574
8.555 47.982 9.482
26.361 33.328 10.184
48.496 22.155 9.246
30.501 0.124 10.942
16.711 25.388 9.655
4.301 17.994 10.081
40.261 45.503 10.528
12.593 43.123 9.166
55.473 50.021 7.965
29.383 28.903 10.398
45.708 10.372 8.91
20.527 1.642 10.833
7.761 42.384 9.659
33.089 12.71 10.479
0.656 38.813 9.153
44.743 26.142 10.002
19.94 19.049 9.619
-3.706 9.601 21.31
39.902 39.649 9.098
10.376 6.519 10.363
28.197 11.517 9.199
42.576 30.41 10.727
24.886 49.014 8.975
14.62 22.44 10.865
2.572 47.288 10.16
38.872 15.785 9.289
58.001 28.748 23.191
11.507 46.905 10.492
49.419 32.597 10.453
21.169 4.258 9.308
5.418 8.85 10.674
35.526 20.057 9.108
47.509 4.349 10.439
14.164 12.843 9.462
0.813 25.467 9.838
41.003 33.698 10.171
-1.416 51.589 17.203
22.427 17.031 8.978
36.139 2.306 10.597
8.172 44.298 9.446
26.719 29.672 10.148
48.112 18.475 9.212
31.301 48.739 10.907
17.099 21.71 9.619
4.676 14.309 10.047
56.058 9.061 6.02
40.614 41.877 10.495
11.739 39.383 9.132
29.782 21.599 10.358
45.348 2.974 8.879
19.663 0.194 10.797
7.018 38.701 9.623
32.317 8.594 10.445
0.085 35.031 9.121
-9.365 31.748 27.555
43.521 18.918 9.969
15.287 15.372 9.585
38.571 35.318 9.067
9.951 43.929 10.328
27.747 25.674 10.696
42.252 8.003 9.173
25.258 45.055 8.949
14.997 18.76 10.832
52.38 37.889 13.039
3.025 43.563 10.128
37.534 12.089 9.258
10.614 42.993 10.459
49.059 29.011 10.421
20.203 7.872 9.279
5.038 5.162 10.639
34.713 16.418 9.079
46.716 0.656 10.399
12.332 9.156 9.429
-6.536 13.608 19.685
0.499 21.785 9.799
40.377 29.987 10.138
21.998 13.337 8.949
35.75 9.188 10.567
7.796 40.614 9.416
27.114 25.978 10.119
47.751 14.807 9.186
30.074 45.105 10.877
16.325 15.09 9.589
58.82 23.712 5.173
4.011 8.215 10.017
39.409 38.206 10.466
11.007 35.719 9.099
28.639 17.914 10.325
45.004 5.383 8.855
19.211 48.442 10.767
7.396 35.063 9.594
31.573 4.608 10.414
-2.08 31.346 29.283
0.865 31.376 9.093
42.889 15.243 9.939
14.555 11.696 9.556
37.925 31.666 9.042
9.311 40.274 10.298
27.006 22.013 10.668
41.513 4.376 9.151
25.645 41.379 8.926
15.371 15.089 10.805
50.111 47.943 14.716
3.416 39.881 10.099
36.283 8.529 9.231
10.001 39.368 10.429
48.348 25.399 10.394
19.51 4.286 9.256
5.779 1.496 10.613
33.983 12.777 9.057
46.025 48.969 10.373
11.637 5.518 9.405
-5.244 8.27 2.468
0.047 18.115 9.774
39.767 26.278 10.112
21.214 9.671 8.927
35.112 5.533 10.544
7.143 36.948 9.393
27.493 22.336 10.097
47.077 11.164 9.169
30.427 41.463 10.856
15.689 11.443 9.571
4.403 4.551 27.889
4.797 0.574 9.993
38.763 34.573 10.442
10.336 32.099 9.082
28.003 14.279 10.299
44.319 1.791 8.839
18.503 44.854 10.745
6.716 31.453 9.573
30.852 0.977 10.393
-0.779 27.699 2.065
0.429 27.73 9.073
42.201 11.609 9.918
13.867 7.999 9.537
37.267 28.05 9.026
8.638 36.669 10.276
26.322 18.399 10.648
40.847 0.799 9.136
26.036 37.763 8.912
15.763 11.497 10.788
55.936 38.588 16.392
3.787 36.253 10.079
35.038 5.007 9.212
9.353 35.778 10.409
47.663 21.831 10.378
18.834 0.751 9.241
6.167 48.133 10.599
33.209 9.179 9.042
45.327 45.367 10.359
10.965 1.948 9.393
-3.927 55.641 5.251
0.784 14.498 9.759
39.107 22.623 10.099
20.504 6.064 8.914
34.451 1.947 10.533
6.468 33.359 9.381
27.866 18.757 10.088
46.384 7.569 9.161
30.811 37.892 10.847
16.069 7.894 9.565
4.778 50.827 24.076
5.161 47.198 9.979
38.103 30.999 10.429
9.642 28.522 9.071
27.328 10.709 10.288
43.609 48.403 8.831
17.797 41.292 10.737
7.097 27.885 9.567
30.126 47.677 10.385
0.363 24.104 9.063
41.518 8.077 9.911
13.148 4.397 9.529
36.589 24.486 9.021
8.001 33.094 10.269
25.623 14.849 10.643
39.658 49.601 9.132
26.413 34.239 8.908
16.138 7.987 10.785
3.133 32.737 10.077
33.763 1.473 9.209
8.688 32.221 10.407
46.959 18.289 10.377
18.129 47.451 9.241
6.552 44.636 10.599
32.457 5.656 9.041
44.618 41.862 10.359
10.283 48.623 9.393
-2.601 5.008 7.034
1.514 10.957 9.759
38.421 19.083 10.099
19.801 2.561 8.914
33.759 48.604 10.533
5.779 29.799 9.381
28.238 15.229 10.088
45.681 4.071 9.161
31.188 34.389 10.847
16.446 4.413 9.565
58.156 15.415 28.634
5.531 43.679 9.979
37.434 27.481 10.429
8.967 24.999 9.071
26.636 7.193 10.288
42.918 44.889 8.831
17.118 37.791 10.737
7.496 24.391 9.567
29.398 44.192 10.385
0.771 20.589 9.063
40.808 4.589 9.911
-8.087 21.995 2.933
12.431 0.877 9.529
35.897 20.979 9.021
7.318 29.589 10.269
24.928 11.389 10.643
38.969 46.099 9.132
26.798 30.789 8.908
15.458 4.589 10.785
2.438 29.289 10.077
32.081 48.173 9.209
8.011 28.789 10.407
-4.501 15.474 16.818
46.269 14.789 10.377
17.438 43.989 9.241
5.878 41.189 10.599
31.778 2.189 9.041
44.081 38.389 10.359
9.598 45.189 9.393
0.838 7.489 9.759
37.738 15.589 10.099
19.118 49.089 8.914
-6.961 40.965 25.807
33.078 45.189 10.533
5.098 26.289 9.381
27.558 11.789 10.088
44.998 0.589 9.161
30.508 30.889 10.847
15.768 0.989 9.565
4.098 40.179 9.979
36.768 23.989 10.429
8.288 21.489 9.071
52.755 3.274 14.406
25.958 3.689 10.288
42.238 41.389 8.831
16.438 34.289 10.737
7.898 20.889 9.567
28.698 40.689 10.385
1.188 17.089 9.063
40.128 1.089 9.911
11.748 47.389 9.529
35.218 17.489 9.021
-1.077 26.076 17.831
6.638 26.089 10.269
24.248 7.889 10.643
38.288 42.589 9.132
27.178 27.289 8.908
14.778 1.089 10.785
1.758 25.789 10.077
31.408 44.689 9.209
7.331 25.289 10.407
45.588 11.289 10.377
50.594 40.601 2.683
16.758 40.489 9.241
5.198 37.689 10.599
31.098 48.689 9.041
43.401 34.889 10.359
8.918 41.689 9.393
0.158 3.989 9.759
37.058 12.089 10.099
18.438 45.589 8.914
32.398 41.689 10.533
4.418 22.789 9.381
-5.667 12.342 29.069
26.878 7.289 10.088
44.318 47.089 9.161
29.828 27.389 10.847
15.088 47.489 9.565
3.418 36.679 9.979
36.088 19.489 10.429
7.608 17.989 9.071
25.278 0.189 10.288
41.558 37.889 8.831
15.758 30.789 10.737
8.278 17.389 9.567
-9.59 4.558 13.24
27.998 37.189 10.385
1.568 13.589 9.063
39.448 47.589 9.911
11.068 43.889 9.529
34.538 13.989 9.021
5.958 22.589 10.269
23.568 4.389 10.643
37.608 39.089 9.132
27.558 23.789 8.908
14.098 47.589 10.785
1.078 22.289 10.077
30.728 41.189 9.209
6.651 21.789 10.407
44.908 7.789 10.377
16.078 36.989 9.241
4.518 34.189 10.599
30.418 45.189 9.041
42.721 31.389 10.359
8.238 38.189 9.393
0.538 0.489 9.759
36.378 8.589 10.099
17.758 42.089 8.914
31.718 38.189 10.533
3.738 19.289 9.381
26.198 3.789 10.088
43.638 43.589 9.161
29.148 23.889 10.847
14.408 43.989 9.565
2.738 33.179 9.979
35.408 15.989 10.429
6.928 14.489 9.071
24.598 46.689 10.288
40.878 34.389 8.831
15.078 27.289 10.737
8.658 13.889 9.567
27.318 33.689 10.385
1.948 10.089 9.063
38.768 44.089 9.911
10.388 40.389 9.529
33.858 10.489 9.021
5.278 19.089 10.269
22.888 0.889 10.643
37.078 35.589 9.132
27.938 20.289 8.908
13.418 44.089 10.785
0.398 18.789 10.077
30.048 37.689 9.209
5.971 18.289 10.407
44.228 4.289 10.377
15.398 33.489 9.241
3.838 30.689 10.599
29.738 41.689 9.041
42.041 27.889 10.359
7.558 34.689 9.393
53.517 24.595 2.09
56.066 48.434 27.316
4.044 58.786 14.59
-6.088 25.98 1.339
55.673 17.869 29.114
-3.283 57.306 18.001
59.573 6.169 7.725
-7.712 38.798 13.325
-0.058 10.53 2.723
58.324 31.726 26.372
-4.832 51.078 24.935
-8.194 8.065 19.183
51.214 3.373 3.901
-0.137 22.011 18.61
56.874 44.061 5.728
-6.427 34.111 28.869
-3.051 53.725 7.19
52.383 13.455 15.963
58.015 56.872 24.733
-5.278 0.174 21.443
0.891 34.595 25.411
51.821 47.926 4.532
-9.672 21.092 16.978
-6.612 47.303 3.071
-0.511 8.704 12.748
54.082 27.003 22.266
-2.212 57.306 27.888
57.738 5.531 18.955
-8.619 33.728 6.404
0.459 19.572 28.45
50.248 40.689 13.57
-4.245 42.827 1.129
-1.66 15.072 25.598
55.184 23.183 7.051
-7.386 59.149 22.089
59.981 10.938 17.762
-3.698 28.052 4.364
1.531 9.934 13.783
53.119 36.721 20.333
-0.845 48.483 26.112
56.204 40.011 1.898
-9.019 17.434 15.254
-6.067 43.79 26.893
1.124 5.129 7.815
52.742 23.436 12.294
-1.645 53.805 2.024
58.68 1.992 25.012
-7.883 30.211 19.781
-0.514 16.089 6.851
50.835 37.197 16.237
-4.999 39.352 28.759
-2.398 11.563 3.744
55.769 19.698 10.89
-7.015 55.697 7.307
59.327 7.453 21.552
-4.365 24.573 17.619
2.179 6.414 29.591
51.503 33.283 5.074
-0.242 44.983 14.373
57.471 36.504 24.119
-8.411 13.938 2.511
-5.497 40.321 12.105
1.767 1.647 20.756
53.385 20.002 8.429
-1.084 50.343 27.632
59.611 46.845 6.46
-6.848 26.753 2.738
0.089 12.591 16.577
51.997 30.013 23.091
-3.662 35.885 18.582
-3.062 8.096 29.357
56.413 16.271 14.671
-6.405 52.254 11.081
58.701 43.391 20.365
-5.009 21.283 6.511
2.799 2.991 25.339
4.681 28.906 2.172
50.631 26.597 8.871
-2.999 32.458 13.792
-3.703 4.657 17.487
57.025 12.886 22.47
-5.811 48.873 15.107
58.101 39.987 3.543
-5.627 17.897 27.958
3.402 45.501 18.417
51.253 23.189 29.713
-2.402 29.079 6.78
-4.319 1.271 12.613
57.671 8.571 16.621
-5.245 45.502 24.07
57.537 36.649 7.453
-6.221 14.577 20.93
3.998 42.189 14.351